15,35
8,3
8,4
0,380
15,110
15,109
15,108
0,369
6,5
15,107
7,3
7,4
15,106
15,105
16,1
16,76
15,104
0,365
6,3
6,4
5,3
5,4
0,445
2,5
16,70
16,68
16,67
16,66
16,65
16,64
16,37
16,9
0,347
0,342
15,103
15,102
2,6
2,3
1,3
0,334
15,41
28,8
14,112
28,3
0,440
15,40
15,7
0,364
15,101
0,319
0,433
0,335
15,88
0,434
0,417
0,395
14,3
0,362
14,110
0,328
15,100
0,443
15,99
15,98
0,315
0,418
15,97
0,361
15,3
0,313
15,96
28,10
0,408
15,95
16,2
16,0
15,94
0,336
0,331
0,243
0,350
0,338
0,419
14,114
0,423
0,322
0,388
0,424
0,366
0,332
0,301
15,93
0,0
0,421
0,353
15,30
0,340
0,447
0,410
16,75
16,73
0,326
15,1
15,92
15,2
0,415
0,304
0,303
0,12
0,438
0,10
0,8
0,416
16,27
16,26
16,24
15,0
0,381
15,24
0,318
0,402
0,323
0,378
0,409
0,446
0,404
0,399
0,444
0,359
0,330
0,317
0,376
0,397
0,437
0,324
0,406
0,314
0,348
0,400
0,346
0,392
0,407
0,431
0,370
0,403
0,405
0,394
0,368
14,242
0,321
0,329
0,325
0,442
0,398
0,349
0,390
0,387
0,320
0,429
0,436
0,412
0,391
14,192
0,312
0,389
0,358
0,379
0,344
0,341
0,401
0,343
0,377
0,374
0,367
0,354
0,435
0,393
0,386
0,375
0,363
0,385
0,441
0,372
0,345
0,384
0,311
0,428
0,352
0,357
0,351
0,432
0,373
0,411
0,425
0,309
26,6
26,4
16,69
16,40
16,71
0,339
0,371
0,396
0,337
0,430
0,360
0,427
0,327
0,306
0,420
0,382
0,316
34,3
0,333
0,300
0,299
0,298
0,297
0,296
0,295
0,294
0,293
0,292
0,291
0,290
0,289
0,288
0,287
0,286
0,285
0,284
0,283
0,282
0,281
0,280
0,279
0,278
28,9
28,7
28,6
28,4
0,11
15,38
15,39
15,66
16,74
16,15
16,14
16,12
16,10
16,23
16,4
0,414
15,22
15,8
16,72
16,22
16,17
16,16
14,37
14,76
14,74
14,73
14,71
14,69
14,68
14,66
14,65
14,201
14,200
14,196
14,194
14,255
14,254
14,252
14,250
14,249
14,247
14,246
14,244
14,243
14,231
14,241
14,239
14,238
14,236
14,235
14,233
14,230
14,198
14,228
14,227
14,225
14,224
14,222
14,220
14,219
14,217
14,216
14,214
14,212
14,211
14,209
14,208
14,206
14,204
14,111
14,101
14,106
14,105
14,203
16,7
16,11
22,3
24,3
16,18
16,13
15,87
15,85
15,84
15,82
15,80
15,79
15,77
15,76
15,73
15,71
15,68
15,69
15,36
15,28
15,27
15,20
15,19
15,17
15,14
15,15
15,11
15,9
15,74
15,44
15,33
15,5
15,31
15,25
15,23
16,19
16,21
16,5
15,12
16,8
0,277
0,276
0,275
0,274
0,273
0,272
0,271
0,270
0,269
0,268
0,267
0,266
0,265
0,264
0,263
0,262
0,261
0,260
0,259
0,258
0,257
0,256
0,255
0,254
0,253
0,252
0,251
0,250
0,249
0,248
0,247
0,246
0,244
0,2
0,426
0,242
0,413
0,241
0,355
0,240
0,239
0,238
0,237
0,236
0,235
0,234
0,233
0,232
0,231
0,230
0,229
0,228
0,227
0,226
0,225
0,224
0,223
0,222
0,221
0,220
0,219
0,218
0,217
0,216
0,215
0,214
0,213
0,212
0,211
0,210
0,209
0,208
0,207
0,206
0,205
0,204
0,203
0,202
0,201
0,200
0,199
0,198
0,197
0,196
0,195
0,194
0,193
0,192
0,63
0,62
0,61
0,60
0,59
0,58
0,57
0,56
0,55
0,54
0,53
0,52
0,51
0,50
0,49
0,48
0,47
0,46
0,45
0,6
0,245
0,356
14,113
16,20
15,86
15,83
15,81
15,78
15,75
15,72
15,70
15,67
15,64
15,37
15,32
15,26
15,21
15,18
15,16
15,13
15,6
15,10
16,25
15,43
16,6
15,4
23,3
16,3
28,5
14,75
14,72
14,70
14,67
14,64
14,199
14,195
14,193
14,253
14,251
14,248
14,245
14,240
14,237
14,234
14,232
14,229
14,226
14,223
14,221
14,218
14,215
14,213
14,210
14,207
14,205
14,202
14,102
14,109
0,422
15,91
15,90
15,89
14,8
14,7
14,6
14,5
14,4
14,2
14,1
14,0
13,4
13,3
13,2
13,1
13,0
12,8
12,7
12,6
12,5
12,4
12,3
12,2
12,1
12,0
11,5
11,4
11,3
11,2
11,1
11,0
10,4
10,3
10,2
10,1
10,0
9,5
9,4
9,3
9,2
9,1
9,0
8,5
8,2
8,1
8,0
7,5
7,2
7,1
7,0
6,2
6,1
6,0
5,6
5,5
5,2
5,1
5,0
4,3
4,2
4,1
4,0
3,6
3,5
3,4
3,3
3,2
3,1
3,0
2,4
2,2
2,1
2,0
1,2
1,1
1,0
0,439
0,383
0,9
0,1
0,310
0,305
0,308
0,302
0,307
14,9
14,10
14,12
14,13
14,15
14,16
14,18
14,20
14,21
14,23
14,24
14,26
14,28
14,29
14,31
14,32
14,34
14,35
14,183
14,185
15,42
16,29
16,30
16,32
16,34
16,35
16,38
21,1
21,2
22,0
22,1
23,1
23,2
24,0
24,1
25,1
25,2
26,0
26,1
26,3
27,1
27,2
27,4
27,5
28,0
28,2
29,0
29,1
29,3
29,5
29,6
29,8
29,9
30,0
30,2
30,3
31,0
31,1
31,3
32,0
32,1
32,3
32,4
33,0
33,1
33,3
33,5
33,6
34,0
34,1
34,2
33,7
33,4
33,2
32,5
32,2
31,4
31,2
30,4
30,1
29,10
29,7
29,4
29,2
28,1
27,6
27,3
27,0
26,5
26,2
25,3
25,0
24,2
23,0
22,2
21,3
21,0
16,39
16,36
16,33
16,31
16,28
15,34
15,29
14,184
14,36
14,33
14,30
14,27
14,25
14,22
14,19
14,17
14,14
14,11
0,5
0,4
0,3
0,7
